[(3, 1, 4, 3, 2), (3, 1, 4, 2, 3), (3, 1, 3, 4, 2), (3, 1, 3, 2, 4), (3, 1, 2, 4, 3), (3, 1, 2, 3, 4), (3, 4, 1, 3, 2), (3, 4, 1, 2, 3), (3, 4, 3, 1, 2), (3, 4, 3, 2, 1), (3, 4, 2, 1, 3), (3, 4, 2, 3, 1), (3, 3, 1, 4, 2), (3, 3, 1, 2, 4), (3, 3, 4, 1, 2), (3, 3, 4, 2, 1), (3, 3, 2, 1, 4), (3, 3, 2, 4, 1), (3, 2, 1, 4, 3), (3, 2, 1, 3, 4), (3, 2, 4, 1, 3), (3, 2, 4, 3, 1), (3, 2, 3, 1, 4), (3, 2, 3, 4, 1), (1, 3, 4, 3, 2), (1, 3, 4, 2, 3), (1, 3, 3, 4, 2), (1, 3, 3, 2, 4), (1, 3, 2, 4, 3), (1, 3, 2, 3, 4), (1, 4, 3, 3, 2), (1, 4, 3, 2, 3), (1, 4, 3, 3, 2), (1, 4, 3, 2, 3), (1, 4, 2, 3, 3), (1, 4, 2, 3, 3), (1, 3, 3, 4, 2), (1, 3, 3, 2, 4), (1, 3, 4, 3, 2), (1, 3, 4, 2, 3), (1, 3, 2, 3, 4), (1, 3, 2, 4, 3), (1, 2, 3, 4, 3), (1, 2, 3, 3, 4), (1, 2, 4, 3, 3), (1, 2, 4, 3, 3), (1, 2, 3, 3, 4), (1, 2, 3, 4, 3), (4, 3, 1, 3, 2), (4, 3, 1, 2, 3), (4, 3, 3, 1, 2), (4, 3, 3, 2, 1), (4, 3, 2, 1, 3), (4, 3, 2, 3, 1), (4, 1, 3, 3, 2), (4, 1, 3, 2, 3), (4, 1, 3, 3, 2), (4, 1, 3, 2, 3), (4, 1, 2, 3, 3), (4, 1, 2, 3, 3), (4, 3, 3, 1, 2), (4, 3, 3, 2, 1), (4, 3, 1, 3, 2), (4, 3, 1, 2, 3), (4, 3, 2, 3, 1), (4, 3, 2, 1, 3), (4, 2, 3, 1, 3), (4, 2, 3, 3, 1), (4, 2, 1, 3, 3), (4, 2, 1, 3, 3), (4, 2, 3, 3, 1), (4, 2, 3, 1, 3), (3, 3, 1, 4, 2), (3, 3, 1, 2, 4), (3, 3, 4, 1, 2), (3, 3, 4, 2, 1), (3, 3, 2, 1, 4), (3, 3, 2, 4, 1), (3, 1, 3, 4, 2), (3, 1, 3, 2, 4), (3, 1, 4, 3, 2), (3, 1, 4, 2, 3), (3, 1, 2, 3, 4), (3, 1, 2, 4, 3), (3, 4, 3, 1, 2), (3, 4, 3, 2, 1), (3, 4, 1, 3, 2), (3, 4, 1, 2, 3), (3, 4, 2, 3, 1), (3, 4, 2, 1, 3), (3, 2, 3, 1, 4), (3, 2, 3, 4, 1), (3, 2, 1, 3, 4), (3, 2, 1, 4, 3), (3, 2, 4, 3, 1), (3, 2, 4, 1, 3), (2, 3, 1, 4, 3), (2, 3, 1, 3, 4), (2, 3, 4, 1, 3), (2, 3, 4, 3, 1), (2, 3, 3, 1, 4), (2, 3, 3, 4, 1), (2, 1, 3, 4, 3), (2, 1, 3, 3, 4), (2, 1, 4, 3, 3), (2, 1, 4, 3, 3), (2, 1, 3, 3, 4), (2, 1, 3, 4, 3), (2, 4, 3, 1, 3), (2, 4, 3, 3, 1), (2, 4, 1, 3, 3), (2, 4, 1, 3, 3), (2, 4, 3, 3, 1), (2, 4, 3, 1, 3), (2, 3, 3, 1, 4), (2, 3, 3, 4, 1), (2, 3, 1, 3, 4), (2, 3, 1, 4, 3), (2, 3, 4, 3, 1), (2, 3, 4, 1, 3)]
35
36
36
38
38
39
36
37
38
41
40
42
38
40
39
42
43
44
41
42
42
44
44
45
33
34
34
36
36
37
32
33
32
33
34
34
34
36
33
34
37
36
37
38
36
36
38
37
35
36
37
40
39
41
33
34
33
34
35
35
37
40
35
36
41
39
40
42
38
38
42
40
38
40
39
42
43
44
36
38
35
36
39
38
38
41
36
37
42
40
44
45
42
41
44
42
42
43
43
45
45
46
40
41
39
39
41
40
42
44
40
40
44
42
45
46
43
42
45
43
32
