1030
1003
1033
33
1030
1001
1031
31
1030
1009
1039
39
1010
1003
1013
13
1060
1003
1063
63
1090
1003
1093
93
1430
1403
1033
433
1730
1703
1033
733
1930
1903
1033
933
1020
1001
1021
21
1050
1001
1051
51
1060
1001
1061
61
1090
1001
1091
91
1230
1201
1031
231
1530
1501
1031
531
1830
1801
1031
831
1930
1901
1031
931
1000
1009
1009
9
1010
1009
1019
19
1040
1009
1049
49
1060
1009
1069
69
1430
1409
1039
439
2030
2009
2039
39
5030
5009
5039
39
7030
7009
7039
39
8030
8009
8039
39
1210
1203
1013
213
1610
1603
1013
613
1910
1903
1013
913
4010
4003
4013
13
7010
7003
7013
13
9010
9003
9013
13
1160
1103
1063
163
1660
1603
1063
663
2060
2003
2063
63
1090
1007
1097
97
1190
1103
1093
193
1490
1403
1093
493
1690
1603
1093
693
1990
1903
1093
993
4090
4003
4093
93
8090
8003
8093
93
1420
1403
1023
423
1450
1403
1053
453
1480
1403
1083
483
3430
3403
3033
433
7430
7403
7033
433
9430
9403
9033
433
1720
1703
1023
723
1750
1703
1053
753
1780
1703
1083
783
3730
3703
3033
733
4730
4703
4033
733
6730
6703
6033
733
9730
9703
9033
733
1970
1903
1073
973
4930
4903
4033
933
7930
7903
7033
933
8930
8903
8033
933
1320
1301
1021
321
1620
1601
1021
621
1720
1701
1021
721
4020
4001
4021
21
5020
5001
5021
21
1150
1101
1051
151
1450
1401
1051
451
1950
1901
1051
951
4050
4001
4051
51
5050
5001
5051
51
1360
1301
1061
361
1860
1801
1061
861
3060
3001
3061
61
1290
1201
1091
291
4090
4001
4091
91
6090
6001
6091
91
9090
9001
9091
91
1230
1207
1037
237
1200
1201
1001
201
4230
4201
4031
231
5230
5201
5031
231
8230
8201
8031
231
1510
1501
1011
511
1570
1501
1071
571
2530
2501
2031
531
5530
5501
5031
531
1800
1801
1001
801
1810
1801
1011
811
1870
1801
1071
871
4830
4801
4031
831
8830
8801
8031
831
1900
1901
1001
901
3930
3901
3031
931
4930
4901
4031
931
9930
9901
9031
931
1100
1109
1009
109
1400
1409
1009
409
1600
1609
1009
609
1700
1709
1009
709
5000
5009
5009
9
8000
8009
8009
9
1310
1309
1019
319
1610
1609
1019
619
3010
3009
3019
19
4010
4009
4019
19
7010
7009
7019
19
1240
1209
1049
249
1540
1509
1049
549
1940
1909
1049
949
3040
3009
3049
49
4040
4009
4049
49
9040
9009
9049
49
1660
1609
1069
669
2060
2009
2069
69
7060
7009
7069
69
8060
8009
8069
69
1420
1409
1029
429
1450
1409
1059
459
1480
1409
1089
489
1490
1409
1099
499
9430
9409
9039
439
2020
2009
2029
29
2080
2009
2089
89
2090
2009
2099
99
2230
2209
2039
239
2330
2309
2039
339
2530
2509
2039
539
2930
2909
2039
939
5050
5009
5059
59
5090
5009
5099
99
5630
5609
5039
639
5830
5809
5039
839
5930
5909
5039
939
7070
7009
7079
79
7630
7609
7039
639
8050
8009
8059
59
8080
8009
8089
89
8530
8509
8039
539
8830
8809
8039
839
1210
1207
1017
217
1220
1203
1023
223
1280
1203
1083
283
2210
2203
2013
213
7210
7203
7013
213
3610
3603
3013
613
9610
9603
9013
613
4000
4003
4003
3
4070
4003
4073
73
4510
4503
4013
513
4810
4803
4013
813
7040
7003
7043
43
9010
9001
9011
11
9040
9003
9043
43
9410
9403
9013
413
1100
1103
1003
103
1120
1103
1023
123
1150
1103
1053
153
3160
3103
3063
163
6160
6103
6063
163
1660
1607
1067
667
2660
2603
2063
663
4660
4603
4063
663
8660
8603
8063
663
2000
2003
2003
3
2050
2003
2053
53
2080
2003
2083
83
2960
2903
2063
963
1080
1007
1087
87
1290
1207
1097
297
1590
1507
1097
597
1690
1607
1097
697
1990
1907
1097
997
7190
7103
7093
193
4490
4403
4093
493
1690
1609
1099
699
2690
2603
2093
693
5690
5603
5093
693
8690
8603
8093
693
1990
1909
1099
999
4990
4903
4093
993
7990
7903
7093
993
4090
4009
4099
99
4790
4703
4093
793
8050
8003
8053
53
8290
8203
8093
293
8890
8803
8093
893
1420
1407
1027
427
1520
1503
1023
523
1820
1803
1023
823
2420
2403
2023
423
4420
4403
4023
423
8420
8403
8023
423
1550
1503
1053
553
1480
1401
1081
481
1480
1407
1087
487
1580
1503
1083
583
4480
4403
4083
483
5480
5403
5083
483
3410
3403
3013
413
3460
3403
3063
463
3530
3503
3033
533
3830
3803
3033
833
7330
7303
7033
333
9430
9401
9031
431
9430
9407
9037
437
9400
9403
9003
403
9460
9403
9063
463
9470
9403
9073
473
9130
9103
9033
133
9530
9503
9033
533
9830
9803
9033
833
4720
4703
4023
723
7720
7703
7023
723
1750
1709
1059
759
2750
2703
2053
753
7750
7703
7053
753
8750
8703
8053
753
1780
1707
1087
787
1780
1709
1089
789
4780
4703
4083
783
5780
5703
5083
783
8780
8703
8083
783
3730
3709
3039
739
3790
3703
3093
793
4700
4703
4003
703
4130
4103
4033
133
6730
6707
6037
737
6700
6703
6003
703
6760
6703
6063
763
6790
6703
6093
793
6130
6103
6033
133
6830
6803
6033
833
9730
9709
9039
739
9740
9703
9043
743
1970
1909
1079
979
1370
1303
1073
373
1870
1803
1073
873
4970
4903
4073
973
9970
9903
9073
973
4930
4907
4037
937
4900
4903
4003
903
4940
4903
4043
943
7930
7907
7037
937
7960
7903
7063
963
8920
8903
8023
923
8960
8903
8063
963
8230
8203
8033
233
1320
1307
1027
327
1300
1301
1001
301
1380
1301
1081
381
7320
7301
7021
321
1620
1607
1027
627
1600
1601
1001
601
2620
2601
2021
621
4620
4601
4021
621
7620
7601
7021
621
1740
1701
1041
741
4720
4701
4021
721
9720
9701
9021
721
4020
4007
4027
27
4000
4001
4001
1
4420
4401
4021
421
5020
5003
5023
23
5010
5001
5011
11
5080
5001
5081
81
5520
5501
5021
521
5820
5801
5021
821
1170
1101
1071
171
1180
1101
1081
181
6150
6101
6051
151
7150
7101
7051
151
9150
9101
9051
151
1470
1401
1071
471
4450
4401
4051
451
6450
6401
6051
451
7450
7401
7051
451
4950
4901
4051
951
7950
7901
7051
951
8950
8901
8051
951
4050
4007
4057
57
4650
4601
4051
651
4750
4701
4051
751
5350
5301
5051
351
5650
5601
5051
651
5850
5801
5051
851
1360
1307
1067
367
3360
3301
3061
361
6360
6301
6061
361
1860
1807
1067
867
2860
2801
2061
861
4860
4801
4061
861
5860
5801
5061
861
8860
8801
8061
861
3060
3007
3067
67
3000
3001
3001
1
3010
3001
3011
11
3040
3001
3041
41
3460
3401
3061
461
3760
3701
3061
761
8290
8201
8091
291
4390
4301
4091
391
4590
4501
4091
591
4690
4601
4091
691
6010
6001
6011
11
6490
6401
6091
491
6690
6601
6091
691
6790
6701
6091
791
6990
6901
6091
991
9000
9001
9001
1
9040
9001
9041
41
9390
9301
9091
391
9490
9401
9091
491
9790
9701
9091
791
1270
1207
1077
277
1630
1607
1037
637
2230
2207
2037
237
5230
5207
5037
237
7230
7207
7037
237
8230
8207
8037
237
4200
4201
4001
201
4210
4201
4011
211
4240
4201
4041
241
4260
4201
4061
261
4270
4201
4071
271
5230
5203
5033
233
5260
5201
5061
261
5280
5201
5081
281
5430
5401
5031
431
8220
8201
8021
221
8430
8401
8031
431
8730
8701
8031
731
3510
3501
3011
511
9510
9501
9011
511
1570
1509
1079
579
3570
3501
3071
571
6570
6501
6071
571
2520
2501
2021
521
2550
2501
2051
551
2590
2501
2091
591
2130
2101
2031
131
2730
2701
2031
731
5500
5501
5001
501
5580
5501
5081
581
5590
5501
5091
591
2800
2801
2001
801
4800
4801
4001
801
5800
5801
5001
801
9810
9801
9011
811
1870
1807
1077
877
1870
1809
1079
879
4870
4801
4071
871
6870
6801
6071
871
9870
9801
9071
871
8830
8807
8037
837
8820
8801
8021
821
1900
1907
1007
907
7900
7901
7001
901
9900
9901
9001
901
3910
3901
3011
911
3330
3301
3031
331
3630
3601
3031
631
9940
9901
9041
941
9630
9601
9031
631
1120
1109
1029
129
3100
3109
3009
109
7100
7109
7009
109
9100
9109
9009
109
4400
4409
4009
409
1600
1607
1007
607
2600
2609
2009
609
8600
8609
8009
609
3700
3709
3009
709
6700
6709
6009
709
5000
5003
5003
3
5200
5209
5009
209
5300
5309
5009
309
8200
8209
8009
209
1390
1309
1099
399
3310
3309
3019
319
9310
9309
9019
319
6610
6609
6019
619
9610
9609
9019
619
3070
3009
3079
79
3080
3009
3089
89
3110
3109
3019
119
3710
3709
3019
719
3910
3909
3019
919
4070
4009
4079
79
4210
4209
4019
219
4510
4509
4019
519
4910
4909
4019
919
7210
7209
7019
219
7910
7909
7019
919
1220
1209
1029
229
1250
1209
1059
259
1270
1209
1079
279
1280
1209
1089
289
1540
1503
1043
543
1550
1509
1059
559
2540
2509
2049
549
4540
4509
4049
549
7540
7509
7049
549
6940
6909
6049
949
7940
7909
7049
949
9940
9909
9049
949
3440
3409
3049
449
4340
4309
4049
349
4640
4609
4049
649
9020
9009
9029
29
9050
9009
9059
59
9340
9309
9049
349
9640
9609
9049
649
9740
9709
9049
749
5660
5609
5069
669
7660
7609
7069
669
8660
8609
8069
669
2260
2209
2069
269
2960
2909
2069
969
7360
7309
7069
369
8260
8209
8069
269
8360
8309
8069
369
8960
8909
8069
969
8420
8409
8029
429
2450
2409
2059
459
7450
7409
7059
459
1880
1809
1089
889
7480
7409
7089
489
3490
3409
3099
499
7490
7409
7099
499
9410
9409
9019
419
9470
9409
9079
479
9230
9209
9039
239
9530
9509
9039
539
9830
9809
9039
839
2020
2007
2027
27
2120
2109
2029
129
2720
2709
2029
729
6020
6009
6029
29
2080
2001
2081
81
2080
2007
2087
87
2380
2309
2089
389
2680
2609
2089
689
2780
2709
2089
789
6080
6009
6089
89
2390
2309
2099
399
2690
2609
2099
699
2990
2909
2099
999
2330
2303
2033
333
2300
2309
2009
309
4330
4309
4039
339
2570
2509
2079
579
3530
3509
3039
539
2900
2909
2009
909
5650
5609
5059
659
5390
5309
5099
399
5680
5609
5089
689
4630
4609
4039
639
5840
5809
5049
849
5860
5809
5069
869
5870
5809
5079
879
7870
7809
7079
879
6070
6009
6079
79
7640
7609
7049
649
7690
7609
7099
699
8080
8001
8081
81
8080
8007
8087
87
8380
8309
8089
389
8680
8609
8089
689
8530
8507
8037
537
8590
8509
8099
599
8810
8809
8019
819
8840
8809
8049
849
1110
1107
1017
117
3210
3207
3017
217
4210
4207
4017
217
6210
6207
6017
217
4280
4203
4083
283
7280
7203
7083
283
9280
9203
9083
283
2200
2203
2003
203
2240
2203
2043
243
2270
2203
2073
273
2290
2203
2093
293
2110
2103
2013
113
2710
2703
2013
713
7210
7201
7011
211
7240
7203
7043
243
7250
7203
7053
253
3610
3607
3017
617
3620
3603
3023
623
3640
3603
3043
643
3670
3603
3073
673
3310
3303
3013
313
9620
9603
9023
623
9640
9603
9043
643
4000
4007
4007
7
4600
4603
4003
603
4270
4203
4073
273
4370
4303
4073
373
4670
4603
4073
673
6070
6003
6073
73
4510
4507
4017
517
4520
4503
4023
523
4580
4503
4083
583
8510
8503
8013
513
4810
4807
4017
817
5810
5803
5013
813
7640
7603
7043
643
6040
6003
6043
43
9310
9301
9011
311
2010
2001
2011
11
8010
8001
8011
11
9340
9303
9043
343
5410
5403
5013
413
1300
1303
1003
303
7100
7103
7003
103
9100
9103
9003
103
8120
8103
8023
123
2150
2103
2053
153
4150
4103
4053
153
5150
5103
5053
153
3160
3107
3067
167
3160
3109
3069
169
3860
3803
3063
863
6110
6103
6013
113
6140
6103
6043
143
6170
6103
6073
173
6260
6203
6063
263
6560
6503
6063
563
6860
6803
6063
863
1650
1607
1057
657
1560
1507
1067
567
2630
2603
2033
633
2680
2603
2083
683
4640
4603
4043
643
4360
4303
4063
363
4460
4403
4063
463
8620
8603
8023
623
8260
8203
8063
263
8360
8303
8063
363
8560
8503
8063
563
8860
8803
8063
863
2500
2503
2003
503
2800
2803
2003
803
2900
2903
2003
903
2950
2903
2053
953
6050
6003
6053
53
2380
2303
2083
383
3080
3003
3083
83
1180
1107
1087
187
1980
1907
1087
987
5080
5007
5087
87
2290
2207
2097
297
4290
4207
4097
297
5290
5207
5097
297
7290
7207
7097
297
8290
8207
8097
297
4590
4507
4097
597
8590
8507
8097
597
3690
3607
3097
697
9690
9607
9097
697
6990
6907
6097
997
7390
7303
7093
393
7790
7703
7093
793
8690
8609
8099
699
2390
2303
2093
393
2590
2503
2093
593
5620
5603
5023
623
5650
5603
5053
653
5680
5603
5083
683
5390
5303
5093
393
4990
4909
4099
999
8990
8909
8099
999
4790
4709
4099
799
8350
8303
8053
353
8240
8203
8043
243
8270
8203
8073
273
9290
9203
9093
293
8800
8803
8003
803
1440
1407
1047
447
6420
6407
6027
427
7520
7503
7023
523
3820
3803
3023
823
6820
6803
6023
823
7820
7803
7023
823
2470
2403
2073
473
8440
8403
8043
443
6550
6503
6053
553
4480
4401
4081
481
6480
6401
6081
481
7480
7401
7081
481
7480
7407
7087
487
3580
3503
3083
583
7580
7503
7083
583
5440
5403
5043
443
3460
3407
3067
467
3460
3409
3069
469
3590
3503
3093
593
3800
3803
3003
803
3850
3803
3053
853
2830
2803
2033
833
7330
7301
7031
331
5330
5303
5033
333
9420
9401
9021
421
9460
9401
9061
461
9460
9407
9067
467
9490
9407
9097
497
9130
9107
9037
137
9330
9307
9037
337
2430
2407
2037
437
5430
5407
5037
437
9200
9203
9003
203
9800
9803
9003
803
9170
9103
9073
173
6470
6403
6073
473
9880
9803
9083
883
4720
4709
4029
729
7720
7707
7027
727
7700
7703
7003
703
4750
4709
4059
759
7750
7709
7059
759
7750
7707
7057
757
7850
7803
7053
853
8710
8703
8013
713
1740
1707
1047
747
1770
1707
1077
777
4780
4707
4087
787
9780
9707
9087
787
4780
4709
4089
789
7780
7709
7089
789
5740
5703
5043
743
3760
3709
3069
769
3770
3709
3079
779
3790
3707
3097
797
4130
4109
4039
139
6030
6007
6037
37
6330
6307
6037
337
6630
6607
6037
637
5730
5707
5037
737
8730
8707
8037
737
6700
6701
6001
701
6200
6203
6003
203
6800
6803
6003
803
6760
6701
6061
761
6130
6101
6031
131
6880
6803
6083
883
9710
9709
9019
719
9760
9709
9069
769
3370
3303
3073
373
6370
6303
6073
373
7870
7803
7073
873
9920
9903
9023
923
4950
4907
4057
957
4960
4907
4067
967
4980
4907
4087
987
4330
4307
4037
337
4630
4607
4037
637
4900
4909
4009
909
5900
5903
5003
903
4240
4203
4043
243
3940
3903
3043
943
7900
7907
7007
907
7920
7907
7027
927
7530
7507
7037
537
8920
8909
8029
929
3920
3903
3023
923
5920
5903
5023
923
1300
1307
1007
307
4320
4307
4027
327
3300
3301
3001
301
6300
6301
6001
301
2380
2301
2081
381
5380
5301
5081
381
7350
7301
7051
351
7120
7101
7021
121
8620
8607
8027
627
9600
9601
9001
601
2670
2601
2071
671
2220
2201
2021
221
7680
7601
7081
681
7690
7601
7091
691
2740
2701
2041
741
5740
5701
5041
741
7740
7701
7041
741
8740
8701
8041
741
9780
9701
9081
781
9220
9201
9021
221
9520
9501
9021
521
4120
4107
4027
127
7020
7007
7027
27
7000
7001
7001
1
4440
4401
4041
441
6420
6401
6021
421
5320
5303
5023
323
3020
3003
3023
23
5710
5701
5011
711
5880
5801
5081
881
5980
5901
5081
981
5520
5507
5027
527
6520
6501
6021
521
8520
8501
8021
521
5820
5807
5027
827
3820
3801
3021
821
5170
5101
5071
171
8170
8101
8071
171
3180
3101
3081
181
9180
9101
9081
181
6100
6101
6001
101
6120
6101
6021
121
6550
6501
6051
551
7150
7109
7059
159
9150
9107
9057
157
9160
9101
9061
161
9550
9501
9051
551
9850
9801
9051
851
5470
5401
5071
471
4450
4407
4057
457
7450
7407
7057
457
7410
7401
7011
411
8940
8901
8041
941
8970
8901
8071
971
4150
4107
4057
157
4350
4307
4057
357
4650
4607
4057
657
7050
7007
7057
57
2350
2301
2051
351
5650
5607
5057
657
5640
5601
5041
641
5850
5807
5057
857
2850
2801
2051
851
3850
3801
3051
851
6360
6307
6067
367
3370
3301
3071
371
3390
3301
3091
391
6310
6301
6011
311
6660
6601
6061
661
6960
6901
6061
961
1840
1807
1047
847
5860
5807
5067
867
7860
7807
7067
867
8860
8807
8067
867
2160
2101
2061
161
4560
4501
4061
561
8160
8101
8061
161
8460
8401
8061
461
8760
8701
8061
761
3030
3007
3037
37
3760
3707
3067
767
3960
3907
3067
967
6060
6007
6067
67
9060
9007
9067
67
3700
3701
3001
701
3540
3501
3041
541
3490
3401
3091
491
8190
8101
8091
191
4390
4307
4097
397
7590
7501
7091
591
3690
3601
3091
691
6210
6201
6011
211
6910
6901
6011
911
6780
6701
6081
781
2790
2701
2091
791
5790
5701
5091
791
6970
6901
6071
971
9000
9007
9007
7
9240
9201
9041
241
9340
9301
9041
341
9390
9307
9097
397
9370
9301
9071
371
6270
6207
6077
277
9270
9207
9077
277
3630
3607
3037
637
2200
2207
2007
207
2260
2207
2067
267
2280
2207
2087
287
2130
2107
2037
137
2830
2807
2037
837
5220
5207
5027
227
7200
7207
7007
207
7240
7207
7047
247
8280
8207
8087
287
4110
4101
4011
111
3270
3201
3071
271
6270
6201
6071
271
5270
5203
5073
273
2280
2201
2081
281
9280
9201
9081
281
5440
5401
5041
441
3220
3201
3021
221
6220
6201
6021
221
3510
3507
3017
517
3580
3501
3081
581
3670
3601
3071
671
6570
6507
6077
577
6580
6501
6081
581
2550
2507
2057
557
2250
2201
2051
251
2110
2101
2011
111
2140
2101
2041
141
2710
2701
2011
711
5500
5503
5003
503
5500
5507
5007
507
5100
5101
5001
101
5700
5701
5001
701
8500
8501
8001
501
8580
8501
8081
581
5800
5807
5007
807
9810
9807
9017
817
3870
3807
3077
877
4870
4807
4077
877
7870
7807
7077
877
2870
2809
2079
879
6840
6801
6041
841
8800
8807
8007
807
8880
8807
8087
887
3900
3907
3007
907
6900
6907
6007
907
9900
9907
9007
907
3910
3907
3017
917
9660
9601
9061
661
4120
4109
4029
129
7120
7109
7029
129
3200
3209
3009
209
7300
7309
7009
309
9190
9109
9099
199
9200
9209
9009
209
3600
3607
3007
607
6600
6607
6007
607
7600
7607
7007
607
2650
2609
2059
659
8620
8609
8029
629
6710
6709
6019
719
6770
6709
6079
779
5300
5303
5003
303
5270
5209
5079
279
8210
8209
8019
219
3320
3309
3029
329
3350
3309
3059
359
3380
3309
3089
389
6650
6609
6059
659
6670
6609
6079
679
6680
6609
6089
689
9620
9609
9029
629
9670
9609
9079
679
9680
9609
9089
689
3880
3809
3089
889
3980
3909
3089
989
5110
5109
5019
119
2710
2709
2019
719
8710
8709
8019
719
3920
3909
3029
929
4670
4609
4079
679
4220
4209
4029
229
4250
4209
4059
259
4280
4209
4089
289
5510
5509
5019
519
4960
4909
4069
969
7220
7209
7029
229
3220
3209
3029
229
6220
6209
6029
229
3250
3209
3059
259
2540
2503
2043
543
8540
8503
8043
543
3550
3509
3059
559
7550
7509
7059
559
2740
2709
2049
749
4540
4507
4047
547
7540
7501
7041
541
7540
7507
7047
547
7520
7509
7029
529
7580
7509
7089
589
7340
7309
7049
349
6940
6907
6047
947
6950
6909
6059
959
6440
6409
6049
449
9920
9909
9029
929
5440
5409
5049
449
9820
9809
9029
829
9850
9809
9059
859
5740
5709
5049
749
5560
5509
5069
569
6260
6209
6069
269
8320
8309
8029
329
8410
8409
8019
419
4880
4809
4089
889
3290
3209
3099
299
5410
5409
5019
419
5470
5409
5079
479
2010
2007
2017
17
2920
2907
2027
927
2170
2109
2079
179
6320
6309
6029
329
6520
6509
6029
529
6820
6809
6029
829
2680
2607
2087
687
2880
2807
2087
887
6380
6309
6089
389
3520
3509
3029
529
3650
3609
3059
659
5180
5109
5089
189
5840
5803
5043
843
6860
6809
6069
869
5170
5109
5079
179
5770
5709
5079
779
7820
7809
7029
829
6370
6309
6079
379
8680
8601
8081
681
8010
8007
8017
17
8380
8307
8087
387
8520
8507
8027
527
6590
6509
6099
599
2810
2809
2019
819
8110
8107
8017
117
3250
3207
3057
257
6240
6207
6047
247
6250
6207
6057
257
6280
6207
6087
287
6310
6307
6017
317
6910
6907
6017
917
4250
4203
4053
253
7880
7803
7083
883
3200
3203
3003
203
2140
2103
2043
143
2840
2803
2043
843
5110
5103
5013
113
3250
3203
3053
253
3670
3607
3077
677
2610
2607
2017
617
3320
3303
3023
323
3340
3303
3043
343
6670
6603
6073
673
7670
7603
7073
673
9320
9303
9023
323
4500
4507
4007
507
6000
6007
6007
7
7600
7603
7003
603
4560
4507
4067
567
7510
7507
7017
517
8570
8503
8073
573
7810
7807
7017
817
6040
6007
6047
47
6340
6303
6043
343
2310
2301
2011
311
8310
8301
8011
311
2410
2401
2011
411
8110
8101
8011
111
5410
5407
5017
417
4150
4109
4059
159
5950
5903
5053
953
3130
3107
3037
137
3180
3107
3087
187
5160
5107
5067
167
8160
8107
8067
167
6560
6509
6069
569
5560
5503
5063
563
2650
2607
2057
657
2950
2907
2057
957
6350
6303
6053
353
6650
6603
6053
653
7180
7107
7087
187
9180
9107
9087
187
5980
5907
5087
987
5070
5007
5077
77
5380
5307
5087
387
2790
2707
2097
797
2890
2807
2097
897
5190
5107
5097
197
5890
5807
5097
897
9670
9607
9077
677
6960
6907
6067
967
6970
6907
6077
977
6190
6107
6097
197
6390
6307
6097
397
2440
2407
2047
447
4440
4407
4047
447
8440
8407
8047
447
6820
6807
6027
827
7570
7503
7073
573
6320
6303
6023
323
2470
2407
2077
477
7410
7407
7017
417
7470
7407
7077
477
7680
7607
7087
687
3400
3407
3007
407
3450
3407
3057
457
2460
2407
2067
467
8460
8407
8067
467
6460
6409
6069
469
9760
9707
9067
767
9960
9907
9067
967
9120
9107
9027
127
9370
9307
9077
377
2410
2407
2017
417
5400
5407
5007
407
5470
5407
5077
477
9880
9807
9087
887
7710
7707
7017
717
7120
7107
7027
127
3720
3707
3027
727
8740
8707
8047
747
2770
2707
2077
777
9580
9507
9087
587
8770
8709
8079
779
5710
5707
5017
717
8700
8707
8007
707
6980
6903
6083
983
3940
3907
3047
947
7300
7307
7007
307
7500
7507
7007
507
5920
5907
5027
927
7570
7507
7077
577
3300
3307
3007
307
2340
2301
2041
341
2370
2301
2071
371
3120
3101
3021
121
8640
8607
8047
647
8670
8607
8077
677
2670
2607
2077
677
2970
2901
2071
971
2440
2401
2041
441
7840
7801
7041
841
8640
8601
8041
641
9220
9207
9027
227
4170
4107
4077
177
3880
3801
3081
881
5550
5507
5057
557
3520
3507
3027
527
6
1370
1303
1073
373
1300
1303
1003
303
1870
1803
1073
873
1970
1903
1073
973
3370
3303
3073
373
4370
4303
4073
373
6370
6303
6073
373
1300
1301
1001
301
1300
1307
1007
307
1100
1103
1003
103
5300
5303
5003
303
1870
1801
1071
871
1870
1807
1077
877
1870
1809
1079
879
1820
1803
1023
823
7870
7803
7073
873
1970
1909
1079
979
1910
1903
1013
913
1930
1903
1033
933
1990
1903
1093
993
4970
4903
4073
973
9970
9903
9073
973
3370
3301
3071
371
3310
3303
3013
313
3320
3303
3023
323
3340
3303
3043
343
3670
3603
3073
673
4360
4303
4063
363
4070
4003
4073
73
4270
4203
4073
273
4670
4603
4073
673
6370
6309
6079
379
6320
6303
6023
323
6340
6303
6043
343
6350
6303
6053
353
6070
6003
6073
73
6170
6103
6073
173
6470
6403
6073
473
6670
6603
6073
673
1320
1301
1021
321
1360
1301
1061
361
1380
1301
1081
381
1200
1201
1001
201
1600
1601
1001
601
1800
1801
1001
801
1900
1901
1001
901
3300
3301
3001
301
6300
6301
6001
301
1320
1307
1027
327
1360
1307
1067
367
1600
1607
1007
607
1900
1907
1007
907
3300
3307
3007
307
7300
7307
7007
307
1100
1109
1009
109
1120
1103
1023
123
1150
1103
1053
153
1160
1103
1063
163
1190
1103
1093
193
7100
7103
7003
103
9100
9103
9003
103
5300
5309
5009
309
5320
5303
5023
323
5330
5303
5033
333
5390
5303
5093
393
5000
5003
5003
3
5500
5503
5003
503
5900
5903
5003
903
1810
1801
1011
811
1830
1801
1031
831
1860
1801
1061
861
1170
1101
1071
171
1470
1401
1071
471
1570
1501
1071
571
4870
4801
4071
871
6870
6801
6071
871
9870
9801
9071
871
1840
1807
1047
847
1860
1807
1067
867
1270
1207
1077
277
1770
1707
1077
777
3870
3807
3077
877
4870
4807
4077
877
7870
7807
7077
877
1880
1809
1089
889
1270
1209
1079
279
1570
1509
1079
579
2870
2809
2079
879
5870
5809
5079
879
7870
7809
7079
879
1220
1203
1023
223
1420
1403
1023
423
1520
1503
1023
523
1720
1703
1023
723
3820
3803
3023
823
6820
6803
6023
823
7820
7803
7023
823
7850
7803
7053
853
7880
7803
7083
883
7570
7503
7073
573
7670
7603
7073
673
1940
1909
1049
949
1990
1909
1099
999
1010
1003
1013
13
1210
1203
1013
213
1610
1603
1013
613
1930
1901
1031
931
1030
1003
1033
33
1430
1403
1033
433
1730
1703
1033
733
4930
4903
4033
933
7930
7903
7033
933
8930
8903
8033
933
1990
1907
1097
997
1090
1003
1093
93
1490
1403
1093
493
1690
1603
1093
693
4990
4903
4093
993
7990
7903
7093
993
4900
4903
4003
903
4940
4903
4043
943
9920
9903
9023
923
9170
9103
9073
173
9470
9403
9073
473
3330
3301
3031
331
3360
3301
3061
361
3390
3301
3091
391
3270
3201
3071
271
3570
3501
3071
571
3670
3601
3071
671
2370
2301
2071
371
9370
9301
9071
371
3310
3309
3019
319
3410
3403
3013
413
3610
3603
3013
613
3320
3309
3029
329
3020
3003
3023
23
3620
3603
3023
623
3920
3903
3023
923
9320
9303
9023
323
3340
3307
3047
347
3640
3603
3043
643
3940
3903
3043
943
9340
9303
9043
343
3670
3607
3077
677
4460
4403
4063
463
4660
4603
4063
663
8360
8303
8063
363
4070
4009
4079
79
4000
4003
4003
3
4010
4003
4013
13
4090
4003
4093
93
4270
4201
4071
271
4240
4203
4043
243
4250
4203
4053
253
4280
4203
4083
283
2270
2203
2073
273
5270
5203
5073
273
8270
8203
8073
273
4670
4609
4079
679
4600
4603
4003
603
4640
4603
4043
643
6320
6309
6029
329
6350
6309
6059
359
6380
6309
6089
389
6070
6009
6079
79
6670
6609
6079
679
6770
6709
6079
779
6040
6003
6043
43
6140
6103
6043
143
6050
6003
6053
53
6550
6503
6053
553
6650
6603
6053
653
8350
8303
8053
353
6110
6103
6013
113
6130
6103
6033
133
6160
6103
6063
163
2470
2403
2073
473
1020
1001
1021
21
1620
1601
1021
621
1720
1701
1021
721
7320
7301
7021
321
1060
1001
1061
61
6360
6301
6061
361
1180
1101
1081
181
1480
1401
1081
481
2380
2301
2081
381
5380
5301
5081
381
1230
1201
1031
231
1290
1201
1091
291
4200
4201
4001
201
1600
1609
1009
609
9600
9601
9001
601
2800
2801
2001
801
4800
4801
4001
801
5800
5801
5001
801
1950
1901
1051
951
7900
7901
7001
901
9900
9901
9001
901
3000
3001
3001
1
3700
3701
3001
701
6310
6301
6011
311
6100
6101
6001
101
6700
6701
6001
701
1420
1407
1027
427
1620
1607
1027
627
4320
4307
4027
327
1560
1507
1067
567
1660
1607
1067
667
6360
6307
6067
367
1630
1607
1037
637
1650
1607
1057
657
1690
1607
1097
697
3600
3607
3007
607
6600
6607
6007
607
7600
7607
7007
607
1980
1907
1087
987
3900
3907
3007
907
6900
6907
6007
907
7900
7907
7007
907
9900
9907
9007
907
3400
3407
3007
407
7300
7309
7009
309
7200
7207
7007
207
7500
7507
7007
507
1120
1109
1029
129
1000
1009
1009
9
1400
1409
1009
409
1700
1709
1009
709
3100
3109
3009
109
7100
7109
7009
109
9100
9109
9009
109
8120
8103
8023
123
1150
1101
1051
151
1450
1403
1053
453
1550
1503
1053
553
1750
1703
1053
753
2150
2103
2053
153
4150
4103
4053
153
5150
5103
5053
153
1060
1003
1063
63
1660
1603
1063
663
3160
3103
3063
163
7190
7103
7093
193
7600
7603
7003
603
7700
7703
7003
703
9130
9103
9033
133
9200
9203
9003
203
9400
9403
9003
403
9800
9803
9003
803
5390
5309
5099
399
5000
5009
5009
9
5200
5209
5009
209
2300
2309
2009
309
5020
5003
5023
23
5620
5603
5023
623
5920
5903
5023
923
5230
5203
5033
233
2330
2303
2033
333
7330
7303
7033
333
5690
5603
5093
693
2390
2303
2093
393
7390
7303
7093
393
2000
2003
2003
3
5500
5501
5001
501
5500
5507
5007
507
5560
5503
5063
563
5570
5503
5073
573
2500
2503
2003
503
5950
5903
5053
953
2900
2903
2003
903
1510
1501
1011
511
9810
9801
9011
811
1030
1001
1031
31
1530
1501
1031
531
4830
4801
4031
831
8830
8801
8031
831
2860
2801
2061
861
4860
4801
4061
861
5860
5801
5061
861
8860
8801
8061
861
5170
5101
5071
171
8170
8101
8071
171
1450
1401
1051
451
5470
5401
5071
471
6570
6501
6071
571
6840
6801
6041
841
6270
6201
6071
271
6970
6901
6071
971
9850
9801
9051
851
1440
1407
1047
447
1740
1707
1047
747
3840
3807
3047
847
5860
5807
5067
867
7860
7807
7067
867
8860
8807
8067
867
1210
1207
1017
217
1230
1207
1037
237
1290
1207
1097
297
6270
6207
6077
277
9270
9207
9077
277
1780
1707
1087
787
2770
2707
2077
777
4810
4807
4017
817
4170
4107
4077
177
7810
7807
7017
817
7170
7107
7077
177
7470
7407
7077
477
7570
7507
7077
577
1280
1209
1089
289
1480
1409
1089
489
1780
1709
1089
789
3880
3809
3089
889
4880
4809
4089
889
1220
1209
1029
229
1240
1209
1049
249
1250
1209
1059
259
5270
5209
5079
279
1540
1509
1049
549
1550
1509
1059
559
2570
2509
2079
579
2810
2809
2019
819
2170
2109
2079
179
5830
5809
5039
839
5840
5809
5049
849
5860
5809
5069
869
5170
5109
5079
179
5470
5409
5079
479
5770
5709
5079
779
7820
7809
7029
829
7070
7009
7079
79
1280
1203
1083
283
1420
1409
1029
429
1480
1403
1083
483
2420
2403
2023
423
4420
4403
4023
423
8420
8403
8023
423
1540
1503
1043
543
1580
1503
1083
583
4520
4503
4023
523
7520
7503
7023
523
1780
1703
1083
783
4720
4703
4023
723
7720
7703
7023
723
3820
3801
3021
821
3800
3803
3003
803
3830
3803
3033
833
3850
3803
3053
853
3860
3803
3063
863
6820
6807
6027
827
6820
6809
6029
829
6800
6803
6003
803
6830
6803
6033
833
6860
6803
6063
863
6880
6803
6083
883
7250
7203
7053
253
7750
7703
7053
753
7280
7203
7083
283
7580
7503
7083
583
9880
9803
9083
883
8570
8503
8073
573
7640
7603
7043
643
1040
1009
1049
49
6940
6909
6049
949
7940
7909
7049
949
9940
9909
9049
949
1390
1309
1099
399
1490
1409
1099
499
1690
1609
1099
699
2990
2909
2099
999
4990
4909
4099
999
8990
8909
8099
999
1010
1009
1019
19
7010
7003
7013
13
9010
9003
9013
13
2210
2203
2013
213
7210
7203
7013
213
1610
1609
1019
619
9610
9603
9013
613
3930
3901
3031
931
4930
4901
4031
931
9930
9901
9031
931
1030
1009
1039
39
1430
1409
1039
439
3430
3403
3033
433
7430
7403
7033
433
9430
9403
9033
433
3730
3703
3033
733
4730
4703
4033
733
6730
6703
6033
733
9730
9703
9033
733
4930
4907
4037
937
4130
4103
4033
133
7930
7907
7037
937
7960
7903
7063
963
8920
8903
8023
923
8960
8903
8063
963
8230
8203
8033
233
1090
1007
1097
97
1590
1507
1097
597
6990
6907
6097
997
1090
1001
1091
91
8090
8003
8093
93
4490
4403
4093
493
2690
2603
2093
693
8690
8603
8093
693
4790
4703
4093
793
7790
7703
7093
793
4900
4909
4009
909
4700
4703
4003
703
9920
9909
9029
929
9620
9603
9023
623
9470
9409
9079
479
9410
9403
9013
413
9460
9403
9063
463
3630
3601
3031
631
7330
7301
7031
331
3060
3001
3061
61
3460
3401
3061
461
3760
3701
3061
761
3190
3101
3091
191
3490
3401
3091
491
3690
3601
3091
691
4390
4301
4091
391
9390
9301
9091
391
3220
3201
3021
221
3250
3201
3051
251
3510
3501
3011
511
3540
3501
3041
541
3580
3501
3081
581
2670
2601
2071
671
2370
2307
2077
377
2310
2301
2011
311
2340
2301
2041
341
2350
2301
2051
351
2970
2901
2071
971
9370
9307
9077
377
9310
9301
9011
311
9340
9301
9041
341
3350
3309
3059
359
3380
3309
3089
389
3010
3009
3019
19
3110
3109
3019
119
3710
3709
3019
719
3910
3909
3019
919
1310
1309
1019
319
9310
9309
9019
319
3460
3403
3063
463
5410
5403
5013
413
3610
3607
3017
617
3220
3209
3029
229
3520
3509
3029
529
3920
3909
3029
929
8320
8309
8029
329
3080
3003
3083
83
8620
8603
8023
623
3540
3507
3047
547
3940
3907
3047
947
2340
2307
2047
347
5340
5307
5047
347
9640
9603
9043
643
9340
9309
9049
349
9040
9003
9043
43
9740
9703
9043
743
3630
3607
3037
637
3690
3607
3097
697
2670
2607
2077
677
8670
8607
8077
677
9670
9607
9077
677
4480
4403
4083
483
2660
2603
2063
663
8660
8603
8063
663
8360
8309
8069
369
8260
8203
8063
263
8560
8503
8063
563
8860
8803
8063
863
4010
4009
4019
19
4040
4009
4049
49
4090
4009
4099
99
3070
3009
3079
79
4000
4001
4001
1
4000
4007
4007
7
4510
4503
4013
513
4810
4803
4013
813
4090
4001
4091
91
4210
4201
4011
211
4230
4201
4031
231
4240
4201
4041
241
4260
4201
4061
261
2240
2203
2043
243
7240
7203
7043
243
8240
8203
8043
243
4250
4209
4059
259
3250
3203
3053
253
4280
4209
4089
289
4580
4503
4083
583
4780
4703
4083
783
9280
9203
9083
283
2200
2203
2003
203
2290
2203
2093
293
8290
8203
8093
293
4630
4609
4039
639
4640
4609
4049
649
9670
9609
9079
679
6020
6009
6029
29
6220
6209
6029
229
6520
6509
6029
529
6650
6609
6059
659
6950
6909
6059
959
6080
6009
6089
89
6680
6609
6089
689
2380
2309
2089
389
8380
8309
8089
389
6610
6609
6019
619
6700
6709
6009
709
6710
6709
6019
719
3770
3709
3079
779
8770
8709
8079
779
6040
6007
6047
47
7040
7003
7043
43
2140
2103
2043
143
2050
2003
2053
53
8050
8003
8053
53
6550
6501
6051
551
6560
6503
6063
563
5650
5603
5053
653
8750
8703
8053
753
2110
2103
2013
113
5110
5103
5013
113
6130
6101
6031
131
6260
6203
6063
263
6760
6703
6063
763
2470
2407
2077
477
1050
1001
1051
51
4020
4001
4021
21
5020
5001
5021
21
2620
2601
2021
621
4620
4601
4021
621
7620
7601
7021
621
1740
1701
1041
741
4720
4701
4021
721
9720
9701
9021
721
7350
7301
7051
351
7120
7101
7021
121
1060
1009
1069
69
6660
6601
6061
661
6760
6701
6061
761
6960
6901
6061
961
1180
1107
1087
187
3180
3101
3081
181
9180
9101
9081
181
1480
1407
1087
487
4480
4401
4081
481
6480
6401
6081
481
7480
7401
7081
481
2380
2303
2083
383
2080
2001
2081
81
2280
2201
2081
281
5380
5307
5087
387
5350
5301
5051
351
5080
5001
5081
81
5280
5201
5081
281
5580
5501
5081
581
5880
5801
5081
881
5980
5901
5081
981
5230
5201
5031
231
8230
8201
8031
231
8290
8201
8091
291
1660
1609
1069
669
2600
2609
2009
609
8600
8609
8009
609
9630
9601
9031
631
9660
9601
9061
661
9000
9001
9001
1
2800
2803
2003
803
2850
2801
2051
851
5800
5807
5007
807
5820
5801
5021
821
5850
5801
5051
851
5100
5101
5001
101
5700
5701
5001
701
4950
4901
4051
951
7950
7901
7051
951
8950
8901
8051
951
7000
7001
7001
1
9940
9901
9041
941
3010
3001
3011
11
3040
3001
3041
41
3700
3709
3009
709
6310
6307
6017
317
6010
6001
6011
11
6210
6201
6011
211
6910
6901
6011
911
8310
8301
8011
311
6120
6101
6021
121
6150
6101
6051
151
8100
8101
8001
101
6700
6703
6003
703
6780
6701
6081
781
6790
6701
6091
791
6420
6407
6027
427
8620
8607
8027
627
4330
4307
4037
337
4350
4307
4057
357
4390
4307
4097
397
4020
4007
4027
27
4120
4107
4027
127
4560
4507
4067
567
6330
6307
6037
337
6390
6307
6097
397
6060
6007
6067
67
6960
6907
6067
967
4630
4607
4037
637
6630
6607
6037
637
2650
2607
2057
657
4650
4607
4057
657
5650
5607
5057
657
9690
9607
9097
697
6000
6007
6007
7
7680
7607
7087
687
1080
1007
1087
87
4980
4907
4087
987
5980
5907
5087
987
3910
3907
3017
917
3960
3907
3067
967
6910
6907
6017
917
6940
6907
6047
947
6970
6907
6077
977
7920
7907
7027
927
9960
9907
9067
967
9000
9007
9007
7
3450
3407
3057
457
3460
3407
3067
467
5400
5407
5007
407
7340
7309
7049
349
7360
7309
7069
369
7230
7207
7037
237
7240
7207
7047
247
7290
7207
7097
297
2200
2207
2007
207
7510
7507
7017
517
7530
7507
7037
537
7540
7507
7047
547
4500
4507
4007
507
2120
2109
2029
129
4120
4109
4029
129
7120
7109
7029
129
8000
8009
8009
9
1450
1409
1059
459
4400
4409
4009
409
1750
1709
1059
759
3160
3109
3069
169
3200
3209
3009
209
7150
7109
7059
159
9190
9109
9099
199
9200
9209
9009
209
7150
7101
7051
151
9150
9101
9051
151
2750
2703
2053
753
2950
2903
2053
953
4150
4107
4057
157
4150
4109
4059
159
2060
2003
2063
63
3160
3107
3067
167
9130
9107
9037
137
9530
9503
9033
533
9830
9803
9033
833
9290
9203
9093
293
3200
3203
3003
203
6200
6203
6003
203
8800
8803
8003
803
5090
5009
5099
99
2390
2309
2099
399
5030
5009
5039
39
5050
5009
5059
59
8200
8209
8009
209
2330
2309
2039
339
2900
2909
2009
909
5680
5603
5083
683
5920
5907
5027
927
5230
5207
5037
237
2630
2603
2033
633
2830
2803
2033
833
2590
2503
2093
593
2080
2003
2083
83
5520
5501
5021
521
5530
5501
5031
531
5590
5501
5091
591
8500
8501
8001
501
5520
5507
5027
527
5550
5507
5057
557
5100
5107
5007
107
5560
5509
5069
569
2540
2503
2043
543
2960
2903
2063
963
9510
9501
9011
511
9810
9807
9017
817
9010
9001
9011
11
2530
2501
2031
531
8830
8807
8037
837
8830
8809
8039
839
8820
8801
8021
821
8430
8401
8031
431
8730
8701
8031
731
2160
2101
2061
161
4560
4501
4061
561
5260
5201
5061
261
8160
8101
8061
161
8460
8401
8061
461
8760
8701
8061
761
8170
8109
8079
179
8110
8101
8011
111
8190
8101
8091
191
8970
8901
8071
971
4450
4401
4051
451
6450
6401
6051
451
7450
7401
7051
451
5470
5407
5077
477
5430
5401
5031
431
5440
5401
5041
441
6570
6507
6077
577
6520
6501
6021
521
6580
6501
6081
581
7840
7801
7041
841
6220
6201
6021
221
6990
6901
6091
991
9850
9807
9057
857
9850
9809
9059
859
9550
9501
9051
551
3850
3801
3051
851
2440
2407
2047
447
4440
4407
4047
447
8440
8407
8047
447
8740
8707
8047
747
5820
5807
5027
827
5850
5807
5057
857
5890
5807
5097
897
5160
5107
5067
167
8800
8807
8007
807
8880
8807
8087
887
8160
8107
8067
167
8460
8407
8067
467
1110
1107
1017
117
3210
3207
3017
217
4210
4207
4017
217
6210
6207
6017
217
2230
2207
2037
237
8230
8207
8037
237
2290
2207
2097
297
4290
4207
4097
297
5290
5207
5097
297
8290
8207
8097
297
6240
6207
6047
247
6250
6207
6057
257
6280
6207
6087
287
9220
9207
9027
227
9250
9207
9057
257
4780
4707
4087
787
9780
9707
9087
787
2700
2707
2007
707
2760
2707
2067
767
2790
2707
2097
797
4510
4507
4017
517
7410
7407
7017
417
7710
7707
7017
717
7120
7107
7027
127
7180
7107
7087
187
7450
7407
7057
457
7480
7407
7087
487
7480
7409
7089
489
2780
2709
2089
789
4780
4709
4089
789
7780
7709
7089
789
3880
3801
3081
881
3080
3009
3089
89
3980
3909
3089
989
4220
4209
4029
229
7220
7209
7029
229
3250
3209
3059
259
2540
2509
2049
549
4540
4509
4049
549
7540
7509
7049
549
3550
3509
3059
559
7550
7509
7059
559
2530
2509
2039
539
2710
2709
2019
719
8810
8809
8019
819
5630
5609
5039
639
5930
5909
5039
939
9830
9809
9039
839
5840
5803
5043
843
5440
5409
5049
449
5740
5709
5049
749
8840
8809
8049
849
5660
5609
5069
669
6860
6809
6069
869
5110
5109
5019
119
5180
5109
5089
189
5410
5409
5019
419
7520
7509
7029
529
9820
9809
9029
829
7010
7009
7019
19
7030
7009
7039
39
7060
7009
7069
69
8420
8409
8029
429
5480
5403
5083
483
4420
4401
4021
421
8440
8403
8043
443
8540
8503
8043
543
3580
3503
3083
583
5780
5703
5083
783
8780
8703
8083
783
4720
4709
4029
729
7720
7707
7027
727
3120
3101
3021
121
3530
3503
3033
533
6850
6807
6057
857
6890
6809
6099
899
6980
6903
6083
983
7750
7707
7057
757
7750
7709
7059
759
7580
7509
7089
589
9880
9807
9087
887
8510
8503
8013
513
7640
7609
7049
649
3040
3009
3049
49
9040
9009
9049
49
6440
6409
6049
449
7910
7909
7019
919
9640
9609
9049
649
9740
9709
9049
749
3490
3409
3099
499
7490
7409
7099
499
2690
2609
2099
699
7690
7609
7099
699
8690
8609
8099
699
2930
2909
2039
939
2960
2909
2069
969
2090
2009
2099
99
4910
4909
4019
919
4960
4909
4069
969
4790
4709
4099
799
8920
8909
8029
929
8960
8909
8069
969
8590
8509
8099
599
2710
2703
2013
713
7210
7201
7011
211
7210
7209
7019
219
9610
9609
9019
619
3910
3901
3011
911
9430
9401
9031
431
2030
2009
2039
39
8030
8009
8039
39
9430
9409
9039
439
9430
9407
9037
437
3730
3709
3039
739
3790
3703
3093
793
6730
6707
6037
737
6790
6703
6093
793
9730
9709
9039
739
4950
4907
4057
957
4960
4907
4067
967
4130
4109
4039
139
4590
4507
4097
597
8590
8507
8097
597
6190
6107
6097
197
6090
6001
6091
91
9090
9001
9091
91
8890
8803
8093
893
2680
2603
2083
683
9020
9009
9029
29
9620
9609
9029
629
9410
9409
9019
419
9460
9401
9061
461
9460
9407
9067
467
3060
3007
3067
67
3460
3409
3069
469
3760
3707
3067
767
3760
3709
3069
769
6490
6401
6091
491
9490
9401
9091
491
4690
4601
4091
691
6690
6601
6091
691
7690
7601
7091
691
4590
4501
4091
591
9390
9307
9097
397
9790
9701
9091
791
2220
2201
2021
221
8220
8201
8021
221
9220
9201
9021
221
3250
3207
3057
257
2250
2201
2051
251
3510
3507
3017
517
7540
7501
7041
541
8580
8501
8081
581
2350
2307
2057
357
8370
8307
8077
377
2010
2001
2011
11
2110
2101
2011
111
2410
2401
2011
411
2710
2701
2011
711
2140
2101
2041
141
2440
2401
2041
441
2740
2701
2041
741
2550
2501
2051
551
9330
9307
9037
337
9040
9001
9041
41
9240
9201
9041
241
3650
3609
3059
659
8710
8709
8019
719
9710
9709
9019
719
5410
5407
5017
417
5440
5403
5043
443
5810
5803
5013
813
2610
2607
2017
617
3290
3209
3099
299
3520
3507
3027
527
3530
3509
3039
539
8620
8609
8029
629
3550
3507
3057
557
4540
4507
4047
547
6540
6507
6047
547
9540
9507
9047
547
2640
2607
2047
647
5140
5107
5047
147
5640
5607
5047
647
4340
4309
4049
349
5740
5703
5043
743
3030
3007
3037
37
3130
3107
3037
137
3790
3707
3097
797
2680
2607
2087
687
8640
8607
8047
647
8660
8609
8069
669
8060
8009
8069
69
8260
8209
8069
269
4210
4209
4019
219
4510
4509
4019
519
4050
4001
4051
51
4050
4007
4057
57
4110
4101
4011
111
4440
4401
4041
441
2840
2803
2043
843
4750
4709
4059
759
9280
9201
9081
281
4330
4309
4039
339
7630
7609
7039
639
9680
9609
9089
689
2020
2009
2029
29
6260
6209
6069
269
6290
6209
6099
299
6560
6509
6069
569
6590
6509
6099
599
2650
2609
2059
659
5650
5609
5059
659
2080
2009
2089
89
8080
8009
8089
89
2680
2609
2089
689
5680
5609
5089
689
8680
8609
8089
689
8380
8307
8087
387
6030
6007
6037
37
8050
8009
8059
59
5650
5601
5051
651
8710
8703
8013
713
2130
2101
2031
131
2410
2407
2017
417
2430
2407
2037
437
2460
2407
2067
467
5050
5001
5051
51
5010
5001
5011
11
2520
2501
2021
521
4650
4601
4051
651
7680
7601
7081
681
5740
5701
5041
741
7740
7701
7041
741
8740
8701
8041
741
4750
4701
4051
751
9780
9701
9081
781
9420
9401
9021
421
9520
9501
9021
521
2060
2009
2069
69
3180
3107
3087
187
9180
9107
9087
187
9160
9101
9061
161
6420
6401
6021
421
7410
7401
7011
411
2080
2007
2087
87
8080
8001
8081
81
2280
2207
2087
287
5080
5007
5087
87
7660
7609
7069
669
2850
2807
2057
857
5710
5701
5011
711
5790
5701
5091
791
8940
8901
8041
941
8010
8001
8011
11
8310
8307
8017
317
2790
2701
2091
791
8520
8507
8027
527
4450
4407
4057
457
2020
2007
2027
27
7020
7007
7027
27
9120
9107
9027
127
9060
9007
9067
67
2550
2507
2057
557
2950
2907
2057
957
9490
9407
9097
497
8080
8007
8087
87
2910
2907
2017
917
2920
2907
2027
927
9760
9707
9067
767
5430
5407
5037
437
2260
2207
2067
267
8530
8507
8037
537
2720
2709
2029
729
2450
2409
2059
459
7450
7409
7059
459
6190
6109
6099
199
9230
9209
9039
239
9150
9107
9057
157
2130
2107
2037
137
9530
9509
9039
539
9050
9009
9059
59
8210
8209
8019
219
2230
2209
2039
239
5220
5207
5027
227
5730
5707
5037
737
2830
2807
2037
837
2590
2501
2091
591
3590
3503
3093
593
8520
8501
8021
521
7590
7501
7091
591
5190
5107
5097
197
5510
5509
5019
519
2730
2701
2031
731
8730
8707
8037
737
8530
8509
8039
539
7560
7501
7061
561
8110
8107
8017
117
5070
5007
5077
77
5640
5601
5041
641
8140
8107
8047
147
8700
8707
8007
707
2890
2807
2097
897
8280
8207
8087
287
2880
2807
2087
887
9580
9507
9087
587
5710
5707
5017
717
7050
7007
7057
57
2740
2709
2049
749
8410
8409
8019
419
3440
3409
3049
449
6460
6409
6069
469
3720
3707
3027
727
9760
9709
9069
769
2260
2209
2069
269
8680
8601
8081
681
2010
2007
2017
17
8640
8601
8041
641
7
0
